# id	left	top	right	bottom	texture_id
[SPRITES]
80001	1	17	17	33	200

################# DOOR ########################################

104	35	33	51	49	200

105	52	33	68	49	200

106	69	33	85	49	200

107	86	33	102	49	200

108	103	33	119	49	200

109	120	33	136	49	200

110	1	33	17	49	200

111	120	0	136	16	200

# ani_id	sprite1_id	time1	sprite2_id	time2	...
[ANIMATIONS]
80000	80001	400


############ DOOR ############

80001	104	100

80002	105	100

80003	106	100

80004	107	100

80005	108	100

80006	109	100

80007	110	100

80008	111	100