# id	left	top	right	bottom	texture_id
[SPRITES]
###################################### LEAF #######################

########## RIGHT ##############
123	160	362	176	376	23

########## LEFT ##############
124	180	123	196	137	23

###################################### COIN #######################
125	294	101	302	115	23
126	311	101	312	115	23
127	321	101	325	115	23

###################################### QUESTION BRICK #############

20011	300	117	316	133	22
20012	318	117	334	133	22
20013	336	117	352	133	22
20014	354	117	370	133	22
20015	372	117	388	133	22
# ani_id	sprite1_id	time1	sprite2_id	time2	...

##################################### RED MUSHROOM #########################

117	156	121	172	137	23


########## FIRE BALL #########
21723	114	657	122	666	23
21724	134	657	142	666	23
21725	154	657	162	666	23
21726	174	657	182	666	23


####################################### GOLD BRICK ########################

113	274	188	290	204	23
114	293	188	309	204	23
115	312	188	328	204	23
116	331	188	347	204	23

[ANIMATIONS]

###################### LEAF ####################

###RIGHT###

110	123	100

###LEFT###

111	124	100

########### COIN EFFECT ###########

112	125	100	126	100	127	100

###################### QUESTION BRICK #############
102	20011	600	20012	150	20013	150	20014	150
103	20015	100

########################### GOLD BRICK #####################

1004	113	100	114	100	115	100	116	100

######################### RED MUSHROOM #####################
105	117	100

#FIRE BALL
2203	21723	100	21724	100	21725	100	21726	100