# list of object assets to load in this scene
[ASSETS]
mario.txt
coin.txt
cloud.txt
brick.txt
items.txt
goomba.txt
piranhaPlant.txt
pipe.txt
koopas.txt
hud.txt
effect.txt

[OBJECTS]
# type	x	y	extra_settings per object type
# type: 0 = Mario , 1 = Brick, 2 = Goomba, 3 = Koopas. 4: coin
# 6 = question brick, 7 = PIPE, 8 = piranhaplant, 9 = firePiranhaPlant
# See OBJECT_TYPE constants in AssetIDs.h
#
# MARIO
#0	1424	10
0	76	250
#0	120	10
#COIN
4	1073	320
4	1105	288
4	1137	256
4	1169	224
4	1201	192

4	1329	48
4	1345	48	
4	1361	48

4	1473	80
4	1489	80

4	1537	96
4	1553	96
4	1569	96
4	1585	96

4	1617	80
4	1633	80
4	1649	80
4	1665	80

4	1697	112
4	1729	80
4	1761	96
4	1809	64
4	1841	96
###PLATFORM###
5	0	384	16	16	68	22110	22110	22110
5	624	369	16	16	29	22110	22110	22110
#5	352	368	16	16	2	22110	22110	22110
#5	352	352	16	16	2	22110	22110	22110
#5	352	336	16	16	2	22110	22110	22110
5	1153	385	16	16	22	22110	22110	22110
5	1536	384	16	16	5	22110	22110	22110
5	1664	385	16	16	36	22110	22110	22110
5	2256	385	16	16	35	22110	22110	22110

5	2264	349	32	40	1	22110	22110	22110
5	2264	176	32	208	1	22110	22110	22110

5	1568	368	16	16	3	22110	22110	22110
5	1584	352	16	16	2	22110	22110	22110
5	1600	336	16	16	1	22110	22110	22110

5	1664	368	16	16	3	22110	22110	22110
5	1664	352	16	16	2	22110	22110	22110
5	1664	336	16	16	1	22110	22110	22110
5	1504	304	16	16	2	22110	22110	22110

5	2329	352	32	16	1	22110	22110	22110
5	2329	368	32	16	1	22110	22110	22110
###BLOCK###
6	256	328	47	1
6	288	296	47	1

6	431	328	79	1
6	488	296	63	1
6	554	344	95	1
6	537	264	63	1

6	1311	344	111	1
6	1343	312	111	1
6	1375	280	111	1

6	1337	104	65	1

6	2192	232	47	1
6	2162	328	47	1

6	1433	152	59	1

6	1583	136	207	1
###QUESTION BRICK###
7	177	320	1
7	193	320	1
7	225	272	1
7	241	272	2
7	417	288	1
7	657	352	2
7	705	320	1
7	1473	336	2
###GOOMBA###
2	236	337	1
2	880	321	1
2	928	321	1
2	992	321	2
2	528	337	1
##### PIRANHA PLANT 8 ######

8	1800	360


##### FIRE PIRANHA PLANT 9 ######
MODEL = 1 BIG FIREPIRANHA PLANT

9	359	348	1

#MODEL = 2 SMALL FIREPIRANHA PLANT

9	1864	343	2

############ PIPE 7 #############
#model = 1 long pipe
#model = 2 medium pipe

77	359	353	1

77	1800	360	2

77	1864	353	1

#KOOPAS 
#1: KOOPAS GREEN BASE 
#2:KOOPAS RED BASE 
#3: KOOPAS GREEN WING

3	1472	327	1
3	1328	230	3
3	1376	230	3
3	1424	230	3

3	2096	295	2
3	577	296	2

############## GOLD BRICK 10 ##########
#model = 1 mushroom  1up
#model = 2 P button 
#model = 3 can become coin
10	1440	96	1

10	2048	368	3
10	2032	368	3
10	2016	368	3
10	2000	368	3
10	1984	368	3
10	1968	368	3
10	1952	368	3
10	1968	352	3
10	1984	352	3
10	2000	352	3
10	2016	352	3
10	2032	352	3
10	1984	336	3
10	2000	336	3
10	2016	336	3
10	2032	336	2

10	2096	352	3
10	2096	368	3
10	2112	368	3

############ PORTAL IN ######
51	2264	80	5	16	-1	130	20	7

############ PORTAL IN ######
#52	100	350	5	10	1
[TILEMAP]
Resources\Tilemap\world1-1.txt