# list of object assets to load in this scene
[ASSETS]
mario.txt
items.txt
goomba.txt
koopas.txt
piranhaPlant.txt

[OBJECTS]
# type	x	y	extra_settings per object type
# type: 0 = Mario , 1 = Brick, 2 = Goomba, 3 = Koopas. 4: coin
# 6 = question brick, 7 = PIPE, 8 = piranhaplant, 9 = firePiranhaPlant
# See OBJECT_TYPE constants in AssetIDs.h
#
# MARIO
0	76	350

# PLATFORM
5	0	416	16	16	68	22110	22110	22110
5	624	401	16	16	29	22110	22110	22110
5	1153	417	16	16	22	22110	22110	22110
5	1536	416	16	16	5	22110	22110	22110
5	1664	417	16	16	36	22110	22110	22110
5	2256	417	16	16	35	22110	22110	22110

5	2264	386	32	40	1	22110	22110	22110
5	2264	208	32	208	1	22110	22110	22110

5	1568	400	16	16	3	22110	22110	22110
5	1584	384	16	16	2	22110	22110	22110
5	1600	368	16	16	1	22110	22110	22110

5	1664	400	16	16	3	22110	22110	22110
5	1664	384	16	16	2	22110	22110	22110
5	1664	368	16	16	1	22110	22110	22110
5	1504	336	16	16	2	22110	22110	22110

5	2329	384	32	16	1	22110	22110	22110
###BLOCK###
6	256	360	47	1
6	288	328	47	1

6	431	360	79	1
6	488	328	63	1
6	554	376	95	1
6	537	296	63	1

6	1311	376	111	1
6	1343	344	111	1
6	1375	312	111	1

6	1337	136	65	1

6	2192	264	47	1
6	2162	360	47	1

6	1433	184	59	1

6	1583	168	207	1
###QUESTION BRICK###
7	177	352	1
7	193	352	1
7	225	304	1
7	241	304	2
7	417	320	1
7	657	384	2
7	705	352	1
7	1473	368	2

### Enimies ###
###GOOMBA###
2	186	369	1
2	236	339	2

#KOOPAS 
3	196	369	1
3	256	339	3

#PIRANHA PLANT#
8	186	416

[TILEMAP]
Resources\Tilemap\world1-1.txt