# id	left	top	right	bottom	texture_id
[SPRITES]
#################### Grass ####################################

100	1	17	17	33	200

101	18	17	34	33	200

102	35	17	51	33	200

103	52	17	68	33	200

################# DOOR ########################################

104	35	33	51	49	200

105	52	33	68	49	200

106	69	33	85	49	200

107	86	33	102	49	200

108	103	33	119	49	200

109	120	33	136	49	200

110	1	33	17	49	200

111	120	0	136	16	200

######################## HAMMER ######################

########### right ###################

112	103	17	119	33	200

113	120	17	136	33	200

########### left #####################

114	1	50	17	66	200

115	18	50	34	66	200

############## help ################

116	0	1	16	17	200

117	45	50	53	58	200	

############################################################################################################################
[ANIMATIONS]
######## Grass ###############

100	100	200	101	200	102	200	103	200

############ DOOR ############

101	104	100

102	105	100

103	106	100

104	107	100

105	108	100

106	109	100

107	110	100

108	111	100

############## hammer ###########

######### walk right ##########

109	112	100	113	100

######### walk left #########

110	114	100	115	100

########### help ##################

111	116	500	117	500