# list of object assets to load in this scene
[ASSETS]
mario.txt
worldmapObj.txt
hud.txt
#
[OBJECTS]
# type	x	y	extra_settings per object type
# type: 0 = Mario , 1 = Brick, 2 = Goomba, 3 = Koopas. 4: coin
# 6 = question brick, 7 = PIPE, 8 = piranhaplant, 9 = firePiranhaPlant
# See OBJECT_TYPE constants in AssetIDs.h


#GRASS

12	16	-16
12	32	-16
12	48	-16
12	16	0
12	32	0
12	48	0
12	16	32
12	32	32
12	48	32
12	16	48
12	32	48
12	48	48
12	16	64
12	80	0
12	96	0
12	112	0
12	80	16
12	96	16
12	112	16
12	80	32
12	96	32
12	112	32
12	144	0
12	160	0
12	176	0
12	208	-16
12	224	-16
12	208	0
12	224	0
12	208	16
12	224	16
12	208	32
12	224	32
12	144	32
12	160	32
12	176	32
12	192	32
12	224	48
12	224	64
12	224	80
12	224	96
12	224	112
12	144	48
12	160	48
12	128	64
12	112	64
12	96	64

################### DOOR ######################
13	30	15	0

13	65	-14	1

13	128	-14	2

13	160	-14	3

13	160	18	4

13	65	113	5

13	129	113	6

13	128	48	7

############# BLOCK ##############

14	32	15	0	1	0	0

14	66	16	1	0	0	1

14	67	-14	0	1	1	0

14	100	-14	1	1	0	0

14	130	-14	1	1	1	0

14	160	-14	1	1	0	0

14	196	-14	1	0	1	0

14	132	16	0	1	1	1

14	160	16	1	1	0	0

14	192	16	1	0	0	1

14	130	48	1	0	0	1

14	98	48	1	1	0	0

14	68	48	0	1	1	1

14	68	32	0	0	1	0

14	98	80	0	1	0	0

14	68	82	0	0	1	1

14	68	112	0	1	0	1

14	100	112	1	1	0	0

14	132	114	1	0	0	1

14	132	82	1	1	1	0

14	164	82	1	1	0	0

14	190	82	1	0	0	0

################ HAMMER #############

15	156	80

############### help #############

16	208	66


# MARIO
0	32	16

[TILEMAP]
Resources\Tilemap\world-map.txt
